[[-1.08695818e-01 -4.61527217e-01 -4.98566684e-02 -2.27167975e-01 -3.04069933e-01 -1.30111838e-01 -6.17686788e-01 -2.72530290e-01 -2.88930252e-01 -2.69088904e-01]
 [-1.31995150e-02  1.04676686e-01 -1.88533781e-02  3.41618876e-01  1.03639517e-01 -1.47593053e-02 -6.83094553e-01  4.37187194e-01  4.43519415e-01  7.99399050e-02]
 [ 4.33347431e-02  7.99037418e-01 -9.81556429e-03 -2.28763780e-01  5.31020200e-02 -2.97981926e-03 -3.41751304e-01 -3.15967214e-01 -2.63369392e-01  1.35686097e-01]
 [-1.07469681e-01  3.28790298e-01 -1.24452456e-02  1.42489847e-01 -8.15696120e-01 -1.75234513e-01  1.58271888e-01  2.02457089e-01  9.17761217e-02 -2.98931350e-01]
 [ 5.50006836e-02 -1.66590655e-01  1.55352154e-02  1.49449787e-02 -4.16885006e-01 -1.20458767e-02 -3.30163492e-02 -4.25228025e-02 -4.20329684e-02  8.88906369e-01]
 [-3.98993394e-01  1.93804945e-02 -2.84528823e-01 -1.71061608e-03  2.12084769e-01 -8.30035643e-01  8.95593707e-02 -2.41996096e-02  3.47908089e-02  1.25351788e-01]
 [-7.24558879e-02 -5.30797691e-03 -5.98166541e-03 -3.80462306e-01 -8.66233181e-02  6.21892647e-02  2.05133027e-02 -4.53494012e-01  7.95181534e-01 -1.31237314e-02]
 [-1.35086353e-01  1.15661390e-02  5.84569757e-02 -7.70014230e-01  8.32547384e-03  3.79146384e-02 -3.76717189e-04  6.16330489e-01 -2.98599475e-02  5.49263663e-02]
 [-8.83653750e-01  3.29657203e-02  2.22574875e-01  1.45374691e-01  2.58456792e-02  3.64741455e-01  3.89809679e-03 -6.58348062e-02 -7.13473004e-02  6.52054720e-02]
 [-8.95568405e-02  9.73778385e-03 -9.28825638e-01 -4.63377090e-03 -4.00795616e-02  3.53116742e-01  2.13031902e-02  3.90169493e-02 -2.73979564e-02  1.10276494e-02]]