[[ 0.10275505  0.45762343  0.04804651  0.2321098   0.30514111  0.13042502  0.62131031  0.28040679  0.29368771  0.25061933]
 [-0.00711794 -0.2033967   0.01062829 -0.29454307 -0.1246927  -0.01073524  0.73257367 -0.38166185 -0.3996553  -0.11829078]
 [ 0.04138758  0.7858327  -0.00572033 -0.27540394  0.0493529  -0.00094168 -0.23260127 -0.35414105 -0.33344758  0.10830912]
 [ 0.07412191 -0.28261757  0.00492028 -0.13872382  0.90167611  0.13518649 -0.12025828 -0.17651206 -0.11386509  0.07406568]
 [ 0.09217677 -0.22383988  0.0363699  -0.03755386 -0.20760545  0.07491584 -0.05099895 -0.10897059 -0.06206675  0.93360908]
 [ 0.39755368 -0.02442096  0.30134271  0.02699026 -0.16633169  0.82727931 -0.07496059 -0.00098999 -0.06371471 -0.16757642]
 [-0.0138443   0.00110954  0.04099561  0.39792814  0.05796384 -0.0639785  -0.01526175  0.46036541 -0.78673748  0.03466284]
 [-0.40602997  0.01163267  0.12231473 -0.69082007  0.00301301  0.1852825   0.00604039  0.55162448 -0.02544783  0.05915025]
 [ 0.79892911 -0.03023423 -0.22461085 -0.35451671 -0.02223074 -0.3039812  -0.00198926  0.30046081 -0.00784393 -0.03775012]
 [ 0.11089875 -0.00731643  0.91558717 -0.02962693  0.03543681 -0.37916609 -0.01582915 -0.02749044  0.04789355 -0.01214675]]